
 ensemble: final_weights:[[0.13086185044359952, 0.09695817490494298, 0.133125113163136, 0.0, 0.09971935542277749, 0.0, 0.12995654535578494, 0.1357052326634076, 0.13380409197899695, 0.13986963606735472], [0.12243571482152604, 0.07938697318630658, 0.12603698354017215, 0.05246108450222373, 0.10981520285678728, 0.0, 0.12149127302000672, 0.12914452532930898, 0.12725314075515018, 0.13197510198851825], [0.13165822006235844, 0.11809628890093617, 0.1378006653247782, 0.026230542251111866, 0.1325156315708639, 0.03973860826563052, 0.06074563651000336, 0.14218029280712474, 0.06362657037757509, 0.14740754392961766], [0.13249827507390147, 0.05904814445046809, 0.13605668103594631, 0.013115271125555935, 0.1351755192781617, 0.054759125748764896, 0.08849753718769544, 0.1412820216846297, 0.09567177716900042, 0.14389564724587614], [0.13177555907603047, 0.09881782348101059, 0.13597841084146117, 0.006557635562777966, 0.13605269835718412, 0.05151558859268664, 0.044248768593847715, 0.13792551958251978, 0.11671523357144012, 0.1404127623410413], [0.1235921283540444, 0.10442086529241788, 0.1260493147103481, 0.0032788177813889837, 0.12712527905108753, 0.06868242999761838, 0.07358157919674171, 0.1302816350189466, 0.1179546113212392, 0.1250333392761673], [0.11842517116944004, 0.11220444328226621, 0.12082531026166098, 0.03617862277022271, 0.12232422335031207, 0.08880493656578475, 0.03679078959837085, 0.12406036258108238, 0.11614611357974342, 0.12424002684111649], [0.1103873459178962, 0.11118630147768818, 0.11374834584275882, 0.06541368667978369, 0.11516572632233504, 0.07585382770454882, 0.06619124581285822, 0.11568018914846984, 0.10958177909067321, 0.11679155200298791], [0.11797817659090937, 0.12581106841438888, 0.1213778048826385, 0.03270684333989184, 0.12441095032823775, 0.0803724344333882, 0.03309562290642911, 0.12253743113597827, 0.11401607114339957, 0.12769359682473852], [0.11118561765271187, 0.11817678347010406, 0.11310655891507883, 0.06021848966945921, 0.11566558804424693, 0.0769389479610852, 0.059508481246080464, 0.11621353908749044, 0.11035231996223133, 0.11863367399151171], [0.14340025787765603, 0.05908839173505204, 0.14706628016028012, 0.03010924483472961, 0.15301902030462525, 0.08422793196668858, 0.029754240623040235, 0.14629068682112703, 0.1477271086810454, 0.059316836995755864], [0.1249517959801107, 0.08474386620542967, 0.1271594231400037, 0.060589199475879825, 0.13084756364748007, 0.06951712774254111, 0.06413912675491563, 0.12789547452617, 0.1254294492981911, 0.08472697322927825], [0.12508563462213834, 0.11318198896863663, 0.12770580893632266, 0.030294599737939912, 0.13100638357952615, 0.07031323266616282, 0.03206956337745782, 0.13258301260227096, 0.12588312049905565, 0.11187665501048907], [0.11514639723346246, 0.11169801663978207, 0.11699889687438655, 0.06511183443733479, 0.11965056108921648, 0.061608352053029676, 0.06141097603929427, 0.12132551139146802, 0.1162544488046244, 0.11079500543740126], [0.05757319861673123, 0.1785919716762373, 0.15236561944091076, 0.03255591721866739, 0.16066171177137406, 0.09224204113538366, 0.030705488019647134, 0.06066275569573401, 0.0581272244023122, 0.1765140720230023], [0.0783019094314739, 0.1444202703202013, 0.12922915175762312, 0.06162023101582629, 0.13423974006980058, 0.0768613365717693, 0.06681122436738648, 0.08478915248912788, 0.0803848699444322, 0.14334211403235897], [0.03915095471573695, 0.12073699824502265, 0.14186760880775437, 0.030810115507913145, 0.16083737436765594, 0.03843066828588465, 0.03340561218369324, 0.1361554081336454, 0.13074702769318663, 0.16785823205950703], [0.0678535656845005, 0.10993373072657789, 0.12401314146379677, 0.0659836593034319, 0.13427031021020827, 0.052390941347675746, 0.06634976107860743, 0.1222480482857106, 0.11824445628064255, 0.13871238561884836], [0.11378060207222762, 0.14204736773100562, 0.1438523603139449, 0.03299182965171595, 0.15118909786812657, 0.026195470673837873, 0.03317488053930372, 0.14511620038333298, 0.059122228140321274, 0.15252996262618349], [0.1085250697761457, 0.12606975864841968, 0.124424851076696, 0.06864016433852854, 0.1292007867508274, 0.039612886852070456, 0.06616213458118828, 0.12662951610518766, 0.08024337527873764, 0.1304914565921986], [0.11753504813115702, 0.1327607685027182, 0.1266621018185128, 0.03432008216926427, 0.13024825346117844, 0.05272496692725443, 0.03308106729059414, 0.13150613112919352, 0.10690466922517561, 0.13425691134495155], [0.11640092327506468, 0.12749698504187296, 0.12140911415036312, 0.017160041084632136, 0.12491908720489753, 0.05627849136876556, 0.0687885573607121, 0.12604209718515014, 0.11321023975092773, 0.12829446357761412], [0.13033597743501996, 0.14352897723099867, 0.13404550365556478, 0.008580020542316068, 0.13873476248330144, 0.06875909088169277, 0.03439427868035605, 0.14129474482401777, 0.056605119875463863, 0.14372152439126867], [0.1184392449077869, 0.12686667177794617, 0.12046838201540883, 0.050150371574080546, 0.12314432202424122, 0.06180857522392513, 0.06677166678664521, 0.12573211817472074, 0.0799695753523933, 0.12664907216285204], [0.12776378020509965, 0.1396080789139364, 0.1296174509195987, 0.025075185787040273, 0.13300073244069205, 0.030904287611962566, 0.03338583339332261, 0.1356319495845284, 0.10624763642803219, 0.13876506471578726], [0.122013392053135, 0.13158272931392528, 0.12348882949100871, 0.03517250836816253, 0.12672468351553456, 0.015452143805981283, 0.07288399276948315, 0.12842634540344755, 0.11333797621141531, 0.13091739906790661], [0.12190677860295066, 0.1354479845303455, 0.1262572140848933, 0.017586254184081267, 0.12627522367353938, 0.0485841781512703, 0.036441996384741576, 0.12836470036481212, 0.12420958816075857, 0.13492608186260732], [0.11495790142781487, 0.12290353729243353, 0.11725062245887831, 0.05856752077506376, 0.11483122592463083, 0.05288455633138498, 0.07147348926212074, 0.11548428663662678, 0.10919227919662922, 0.12245458069441703], [0.1156965433065, 0.12329941174385983, 0.11785300483213274, 0.029283760387531874, 0.1179480203697228, 0.05671374281215713, 0.08795686247617822, 0.11592817025434031, 0.11257172882390382, 0.12274875499367313], [0.12259141028801425, 0.12475004676959664, 0.12449903684855858, 0.0732228136867332, 0.12660746750867763, 0.07350981838872295, 0.04397843123808911, 0.057964085127170155, 0.12190866525642763, 0.1309682248880098], [0.12480074284334655, 0.130225493792485, 0.12768956646591537, 0.10427004432918764, 0.13084560337467643, 0.06593019444157572, 0.021989215619044555, 0.09976005017017746, 0.060954332628213814, 0.13353475633537742], [0.11502921597695175, 0.12042585301982243, 0.11687193756933895, 0.09781942227542785, 0.11935048248534322, 0.06051774338315971, 0.06147604311015958, 0.10505458867611117, 0.08199767060892542, 0.12145704289475992], [0.10975971724682693, 0.11534616175594686, 0.11173006719892484, 0.0981440852862617, 0.11393658939808549, 0.05761432915983772, 0.0779289103349828, 0.10674777278609657, 0.09336655368493244, 0.11542581314810471], [0.11248450680009553, 0.11900140650714652, 0.11460925547927753, 0.04907204264313085, 0.11662738560813365, 0.05957565456451054, 0.09213921120241692, 0.11216625927440421, 0.10541144838843437, 0.11891282953244989], [0.056242253400047765, 0.17721247443069096, 0.1613337806549303, 0.024536021321565425, 0.05831369280406683, 0.08499959845937298, 0.04606960560120846, 0.16141866319055745, 0.052705724194217186, 0.17716818594334266], [0.09004807139094373, 0.08860623721534548, 0.1495937364282243, 0.012268010660782713, 0.09687596303419352, 0.08790056823293997, 0.0853622700193758, 0.14358520658295498, 0.08760199943320246, 0.15815793700203712], [0.10307207545251218, 0.1060438695739897, 0.13408731548081562, 0.06119034505982261, 0.10898809195331985, 0.0729807748674363, 0.0426811350096879, 0.1281150770628745, 0.10221140833062663, 0.14062990720891475], [0.11084501659949553, 0.11371735732220611, 0.1269248197122388, 0.08365415140315074, 0.11484835935694163, 0.0628988381379435, 0.02134056750484395, 0.12380665824974713, 0.11098686613714431, 0.13097736557628836], [0.11170581202976551, 0.11912079487526188, 0.12027698737451573, 0.041827075701575366, 0.11625283991698893, 0.06043952310348075, 0.06796855830202866, 0.12370553668640616, 0.11134061652454777, 0.12736225548542912], [0.1092485578808979, 0.11139587297052522, 0.1137642992251093, 0.0666255979031919, 0.11240727825464913, 0.061292720265712475, 0.08259981629427615, 0.11687720004067492, 0.1069768729531598, 0.11881178421180316], [0.10849577811672573, 0.1177654817900402, 0.11630348404418563, 0.03331279895159595, 0.11478065724923561, 0.06184487743104405, 0.09357544356723692, 0.11947649128887124, 0.11350697024923229, 0.12093801731183239], [0.117540773779819, 0.1292081683633047, 0.12238229910979273, 0.016656399475797973, 0.12418569541998459, 0.06547842327150658, 0.04678772178361845, 0.12763675640008923, 0.12150803559345232, 0.12861572680263433], [0.12356648573270096, 0.13389763110165845, 0.12742744244488577, 0.008328199737898988, 0.12970616824160078, 0.06557310925564315, 0.02339386089180923, 0.13040840296127562, 0.12405938946785659, 0.13363931016467057], [0.11387391705004792, 0.12223031269279148, 0.11645039023818167, 0.053807823931278205, 0.11768763114139393, 0.06594370755241635, 0.06083168888298863, 0.12046612302162912, 0.1072336724960456, 0.12147473299322714], [0.1441958834326973, 0.1521252780807686, 0.14628428416299724, 0.026903911965639096, 0.15147820211152582, 0.09064864217724769, 0.030415844441494307, 0.14359375088299345, 0.053616836248022784, 0.06073736649661356], [0.12856147653895053, 0.1372348904639498, 0.130166890219913, 0.01345195598281955, 0.13488550929054174, 0.07903362171645274, 0.07119237250546026, 0.1319972696596308, 0.08594113822913625, 0.08753487539314546], [0.12738068180420142, 0.13886377498917424, 0.13003615544310163, 0.006725977991409775, 0.13588925379829175, 0.07419001808578143, 0.03559618625273013, 0.12728110236228293, 0.1100407272173349, 0.11399612205569187], [0.1096539989301019, 0.12464487528130144, 0.11863738067061247, 0.044957046189628036, 0.12208522862687897, 0.07859783895054637, 0.06396840888448244, 0.11864501945638722, 0.10688214496106542, 0.11192805804899578], [0.054826999465050937, 0.06232243764065071, 0.19868718607797412, 0.022478523094814015, 0.1775476600403395, 0.03929891947527318, 0.03198420444224121, 0.18710160149735158, 0.053441072480532696, 0.17231139578577193], [0.0665081499382868, 0.031161218820325357, 0.18912411430098983, 0.011239261547407009, 0.18208658722181587, 0.019649459737636592, 0.01599210222112061, 0.18792665808749612, 0.11132273102764634, 0.18498971709727557], [0.10873026544533389, 0.015580609410162679, 0.17143018901862678, 0.0056196307737035045, 0.17095171851933286, 0.059256964301052734, 0.007996051110560305, 0.17132596640638542, 0.13441594426840192, 0.15469266074644], [0.10759122273673163, 0.05846716827751454, 0.13927815123692708, 0.04509181257391223, 0.13962494505432183, 0.06180147793111708, 0.05583229653512075, 0.1409841271319316, 0.11908619529406969, 0.13224260322835363], [0.1138954577585348, 0.09862682530619199, 0.13405919850632836, 0.022545906286956116, 0.13586469986971084, 0.06588537798245563, 0.027916148267560375, 0.13965488998685674, 0.12611375816930825, 0.13543773786609695], [0.10902504449644437, 0.10460418869777152, 0.1198410762414176, 0.05786211162605076, 0.1216103780496253, 0.060539935284314665, 0.06385697650235327, 0.12440813053165291, 0.11555543483277661, 0.12269672373759305], [0.12046966096817585, 0.13451321511343833, 0.13094573360289818, 0.02893105581302538, 0.13816545545979672, 0.07099542376726593, 0.03192848825117663, 0.14311197143437554, 0.057777717416388305, 0.14316127817345914], [0.11355193883094208, 0.12261686234909944, 0.11897025277584967, 0.05944479597934486, 0.1231209465869382, 0.06321539711889528, 0.06570584619277178, 0.1263603844912999, 0.08061351467838826, 0.12640006099647058], [0.1238425984386218, 0.12967376149640178, 0.1279210383020976, 0.02972239798967243, 0.13063161953852837, 0.06002384762777062, 0.03285292309638589, 0.12851051409771092, 0.10529828754811564, 0.1315230118646949], [0.1259166941537388, 0.13333723113362486, 0.1289820428270925, 0.014861198994836218, 0.13201417797428974, 0.06417450265060572, 0.01642646154819295, 0.1321799742377633, 0.11762061238953486, 0.13448710409032125], [0.13332046030481157, 0.1474347282542871, 0.13816349810588513, 0.007430599497418109, 0.1427703642202215, 0.07356813228733501, 0.008213230774096475, 0.14308971688512945, 0.05881030619476743, 0.14719896347604833], [0.12070085996415764, 0.12526674822290673, 0.12324655310598981, 0.04736254556403713, 0.1259721785835623, 0.06787263962998351, 0.05367697251216621, 0.1257841670403892, 0.08174459580338879, 0.1283727395734188], [0.12518445487834437, 0.12586815972694437, 0.1275193445237517, 0.023681272782018564, 0.13024058445084064, 0.07211429847533556, 0.026838486256083104, 0.13073934690687708, 0.10587921353101665, 0.13193483846878806], [0.11532353951444663, 0.11578881646102113, 0.11662892939145707, 0.049856506215556574, 0.11870831569060009, 0.07836383627775784, 0.06124038144839577, 0.11872536840610161, 0.10660023289084955, 0.11876407370381378], [0.05766176975722331, 0.16916313152000062, 0.16531469290202702, 0.024928253107778287, 0.17134639883115127, 0.11073496573026517, 0.030620190724197884, 0.15754844413002478, 0.053300116445424775, 0.05938203685190689], [0.07252027616264017, 0.1398742401378482, 0.13564981052391922, 0.05993608589493366, 0.1395200273160313, 0.09216354548927091, 0.06554230706907406, 0.13384782879477053, 0.07646604139831703, 0.08447983721319495], [0.11242117786575502, 0.1622179886693362, 0.1577440683622925, 0.02996804294746683, 0.1550270924343669, 0.11196384597335636, 0.03277115353453703, 0.15741369090713325, 0.038233020699158515, 0.042239918606597475], [0.11292991127719985, 0.1380190981197719, 0.13700313918725127, 0.014984021473733415, 0.13638869884233606, 0.09579800967776486, 0.07091091254260429, 0.13973782835954954, 0.07657988031294923, 0.07764850020683964], [0.14222089066567198, 0.06900954905988595, 0.1586931564324428, 0.007492010736866708, 0.15980201289472074, 0.09592066248153133, 0.035455456271302144, 0.15793638606648863, 0.03828994015647461, 0.13517993523461513], [0.1247608234596539, 0.08985672333738917, 0.133142389734546, 0.04672157255866023, 0.13426400819256107, 0.08486647822544668, 0.05870116230280252, 0.13436377185814252, 0.07084654075886558, 0.12247652957193235], [0.12696173412364933, 0.11460741572274864, 0.13234399892132706, 0.023360786279330116, 0.1350917048684813, 0.07647341768415192, 0.02935058115140126, 0.12791728650822184, 0.10284001748367991, 0.13105305725700864], [0.11514135107524985, 0.11227632753987635, 0.1185214076924247, 0.05953412922869526, 0.12042520237241411, 0.06544038310457376, 0.06523172936743354, 0.11853380665280373, 0.1046173237038608, 0.1202783392626679], [0.12044676200965523, 0.12583952325288894, 0.1272348513835424, 0.02976706461434763, 0.126431678520729, 0.06812803643751086, 0.09555695375585108, 0.12467809120248832, 0.0523086618519304, 0.1296083769710561], [0.11358128436273099, 0.11821596692264977, 0.11723467930902481, 0.059259726683368194, 0.11740639345091869, 0.061732595887333104, 0.09796957706902573, 0.11658419984639842, 0.0780516828233171, 0.11996389364523322], [0.11855895982360865, 0.1235801715724815, 0.12353751976093895, 0.029629863341684097, 0.1250560415883329, 0.06981203860860492, 0.048984788534512866, 0.12681440856012105, 0.10494888684759798, 0.12907732136211725], [0.11630606818839259, 0.12368680393295889, 0.11997997434168393, 0.014814931670842049, 0.1208818291479748, 0.06520173710002025, 0.07761410363896581, 0.12341729554015178, 0.11201287796223353, 0.12608437847677642], [0.1193158471038864, 0.11816515833860519, 0.126297672098406, 0.06653551598093256, 0.12793587763644543, 0.032600868550010126, 0.03880705181948291, 0.12953940666866556, 0.12178644473761681, 0.11901615706594906], [0.11266338803281752, 0.11161749113044407, 0.11762667454343494, 0.08481602757152273, 0.1187645386967898, 0.040162000759522365, 0.06916066009310515, 0.11873145196821257, 0.11232005904154671, 0.11413770816260416], [0.1225967542573726, 0.12585081861934327, 0.1259031249940353, 0.04240801378576136, 0.12754778856813095, 0.04426105392728461, 0.03458033004655257, 0.12726828861558456, 0.12432554874050943, 0.12525827844542523], [0.11289644738347297, 0.11729371927499653, 0.11568034283773829, 0.06623318998176526, 0.11722821359659374, 0.05648796057480726, 0.06445827469138596, 0.11776688967188093, 0.11513654189626105, 0.11681842009109795], [0.1281514367266078, 0.13409565242297447, 0.130970976961735, 0.03311659499088263, 0.13684617623639644, 0.0742166889485545, 0.03222913734569298, 0.13644930443697595, 0.05756827094813052, 0.13635576098204966], [0.11668356966029378, 0.12204851978895984, 0.11864820175594032, 0.06089523743163219, 0.12226203942905964, 0.06935969695034883, 0.0648557255600708, 0.12289589649647382, 0.07957134590547045, 0.12277976702175031], [0.1229759311716103, 0.12970892888402696, 0.1263319405992245, 0.030447618715816097, 0.13096986988874584, 0.0636868171162894, 0.0324278627800354, 0.1281726869241951, 0.10518201441614985, 0.1300963295039065], [0.06148796558580515, 0.13580385048573915, 0.12935345158143316, 0.015223809357908048, 0.13387367408782902, 0.06444298927093295, 0.07945142764638188, 0.12837205774781182, 0.11686174695051278, 0.13512902728564596], [0.0903103501018804, 0.13871392778388075, 0.12948185265443618, 0.007611904678954024, 0.13358232861747305, 0.07147430448728234, 0.03972571382319094, 0.12918733674730376, 0.12164786835586622, 0.13826441274973228], [0.09786113372020162, 0.12442600290593352, 0.1175858897226402, 0.047703130028703626, 0.12058599333292334, 0.06924758789474961, 0.0648489049557475, 0.11954687011584444, 0.11452609338467948, 0.12366839393857663], [0.1014598454744104, 0.1163661359869693, 0.11190451524481251, 0.07219818444157354, 0.11385563813875768, 0.06034304730170344, 0.08351850490053554, 0.11392656959192476, 0.11051403904873508, 0.11591351987057755], [0.10877657443177442, 0.11843725337527314, 0.11444552017855164, 0.08688353229836947, 0.11720752507182883, 0.0610275490693899, 0.04175925245026777, 0.11771512228065001, 0.11414585170076608, 0.11960181914312872], [0.11539932730885641, 0.1305849419528478, 0.12093156726118584, 0.043441766149184734, 0.12501033678676526, 0.06141358361579398, 0.020879626225133886, 0.12939379422740063, 0.12260791381419145, 0.13033714265864], [0.11125639498893733, 0.12052468731975137, 0.1144340375988469, 0.06277026579064177, 0.11698782565381768, 0.05842578063799694, 0.05996950153114425, 0.1199585079308667, 0.11561024732449726, 0.1200627512234999], [0.11537723224350342, 0.060262343659875685, 0.1175452041276088, 0.08540299003817803, 0.11995626803926407, 0.05948557371668187, 0.0825788627346841, 0.12101931188049127, 0.11685435146147644, 0.12151786209823644], [0.12295319672463506, 0.09773959551634318, 0.12477440416078998, 0.042701495019089014, 0.12763868447834764, 0.06475336114643815, 0.04128943136734205, 0.12586545839467192, 0.1206907435849024, 0.13159362960744064], [0.1230369396869823, 0.110848087651943, 0.12684996402385584, 0.021350747509544507, 0.12976233869822068, 0.07292639903841905, 0.020644715683671024, 0.13206838833705847, 0.12756543332376832, 0.13494698604653682], [0.12058383204165934, 0.11265313862792226, 0.12264646411017938, 0.010675373754772254, 0.12498733088116697, 0.07165708556655104, 0.056585888233176077, 0.12764951473472408, 0.123914898177288, 0.12864647387256067], [0.12451680768052707, 0.12076291463442035, 0.12644145603440998, 0.005337686877386127, 0.12928451163536794, 0.07406839300755895, 0.028292944116588038, 0.1309767379041217, 0.12783595589317528, 0.13248259221644457], [0.11391663043146599, 0.10964915665193364, 0.11516442774910848, 0.05198122552587408, 0.11783955499353542, 0.07021858732892097, 0.06466280608669239, 0.11976550131230312, 0.11583685392712582, 0.12096525599304007], [0.13614805312640116, 0.14047426455704842, 0.13944821608939367, 0.02599061276293704, 0.14285296317413945, 0.035109293664460486, 0.032331403043346196, 0.1437974793383221, 0.05791842696356291, 0.14592928728038862], [0.12067662916580318, 0.12175323171129031, 0.12272711104769984, 0.05451599373548921, 0.12509681859074007, 0.05521522407614082, 0.06614901817165642, 0.12660344437386575, 0.07959318078241542, 0.12766934834489901], [0.12543378373659747, 0.12584830369266795, 0.12825497905400307, 0.027257996867744605, 0.13036931798526857, 0.056230353591683484, 0.03307450908582821, 0.13313914105390623, 0.10654622804953529, 0.1338453868827652], [0.12900717352270116, 0.06292415184633397, 0.13182604319358363, 0.013628998433872302, 0.13377131212635668, 0.05668660536727031, 0.08060728752946573, 0.13331658905017058, 0.12092091915037029, 0.13731091977987536], [0.06450358676135058, 0.13107827497028188, 0.15597390036862877, 0.006814499216936151, 0.15905082281807512, 0.06726601311243346, 0.04030364376473287, 0.15701033264049027, 0.060460459575185144, 0.15753846677188582], [0.03225179338067529, 0.12725084919685264, 0.13744640964377386, 0.05498382618504465, 0.13991392492255106, 0.0641228714210816, 0.07606398404452859, 0.137852013167092, 0.08994306762543042, 0.14017126041296996]]
